================================================================================
MASTER REPORT: Apex Statistical Reports
Total sections: 2
================================================================================

================================================================================

=== SPC_summary_L0.txt ===

metric_id	mean	sigma	UCL	LCL	signals	RPN	Cpk	Sigma_Level	MRBar	UCL_MR	LCL_MR	analysis_date
PBI10000	50.15	6.64	70.06	30.23	59	2065	1.0	3.0	7.49	24.47	0.0	2026-01-07
RCD10000	60.08	4.01	72.1	48.07	54	1890	1.0	3.0	4.52	14.76	0.0	2026-01-07
ERS10000	42.49	3.41	52.7	32.27	53	1855	1.0	3.0	3.84	12.55	0.0	2026-01-07
CPG10000	45.02	3.4	55.21	34.83	50	1750	1.0	3.0	3.83	12.52	0.0	2026-01-07
FLO10000	64.01	4.61	77.84	50.18	50	1750	1.0	3.0	5.2	17.0	0.0	2026-01-07
PPB10000	50.55	7.38	72.7	28.4	50	1750	1.0	3.0	8.33	27.22	0.0	2026-01-07
BSP10000	50.06	7.47	72.47	27.65	46	1610	1.0	3.0	8.43	27.54	0.0	2026-01-07
RST10000	60.1	3.99	72.07	48.13	45	1575	1.0	3.0	4.5	14.71	0.0	2026-01-07
L0ER_001	60.62	0.4	61.83	59.42	44	1540	1.0	3.0	0.45	1.48	0.0	2026-01-07
TQA10000	56.54	4.23	69.22	43.86	44	1540	1.0	3.0	4.77	15.58	0.0	2026-01-07
RSS10000	50.23	6.15	68.68	31.79	43	1505	1.0	3.0	6.94	22.67	0.0	2026-01-07
SCP10000	30.0	2.19	36.55	23.44	43	1505	1.0	3.0	2.46	8.06	0.0	2026-01-07
SRVC_001	29.99	0.57	31.69	28.29	43	1505	1.0	3.0	0.64	2.09	0.0	2026-01-07
ANO10000	64.15	4.73	78.33	49.96	42	1470	1.0	3.0	5.33	17.43	0.0	2026-01-07
CUST_001	59.48	1.22	63.13	55.83	42	1470	1.0	3.0	1.37	4.49	0.0	2026-01-07
MSP10000	45.05	4.76	59.32	30.79	42	1470	1.0	3.0	5.36	17.53	0.0	2026-01-07
RSL10000	59.88	4.07	72.11	47.66	42	1470	1.0	3.0	4.6	15.02	0.0	2026-01-07
CII10000	59.59	5.38	75.75	43.44	41	1435	1.0	3.0	6.07	19.85	0.0	2026-01-07
ROR10000	59.89	4.07	72.1	47.67	41	1435	1.0	3.0	4.59	15.01	0.0	2026-01-07
CLC10000	29.95	1.94	35.78	24.12	40	1400	1.0	3.0	2.19	7.16	0.0	2026-01-07
CTP10000	56.59	4.5	70.08	43.09	40	1400	1.0	3.0	5.08	16.59	0.0	2026-01-07
PUR10000	56.4	3.81	67.82	44.97	40	1400	1.0	3.0	4.3	14.04	0.0	2026-01-07
CSP10000	59.55	5.27	75.36	43.73	39	1365	1.0	3.0	5.95	19.43	0.0	2026-01-07
EFI10000	42.5	3.23	52.18	32.82	39	1365	1.0	3.0	3.64	11.89	0.0	2026-01-07
EHU10000	42.5	3.35	52.55	32.45	39	1365	1.0	3.0	3.78	12.35	0.0	2026-01-07
ESC10000	42.47	3.46	52.84	32.1	39	1365	1.0	3.0	3.9	12.75	0.0	2026-01-07
RMR10000	60.02	3.87	71.63	48.41	39	1365	1.0	3.0	4.37	14.27	0.0	2026-01-07
BPA10000	49.86	8.07	74.08	25.64	38	1330	1.0	3.0	9.11	29.76	0.0	2026-01-07
CCM10000	59.6	5.2	75.21	44.0	38	1330	1.0	3.0	5.87	19.18	0.0	2026-01-07
CNT10000	63.92	4.43	77.22	50.62	38	1330	1.0	3.0	5.0	16.34	0.0	2026-01-07
EAU10000	44.59	4.14	57.0	32.17	38	1330	1.0	3.0	4.67	15.26	0.0	2026-01-07
EGV10000	42.41	3.82	53.86	30.95	38	1330	1.0	3.0	4.31	14.08	0.0	2026-01-07
SCC10000	30.0	2.2	36.59	23.41	38	1330	1.0	3.0	2.48	8.09	0.0	2026-01-07
BIH10000	59.46	5.14	74.88	44.05	37	1295	1.0	3.0	5.8	18.94	0.0	2026-01-07
CAP10000	56.49	3.87	68.09	44.9	37	1295	1.0	3.0	4.36	14.25	0.0	2026-01-07
CMM10000	64.17	4.75	78.41	49.92	37	1295	1.0	3.0	5.36	17.5	0.0	2026-01-07
REG10000	86.42	2.86	95.0	77.85	37	1295	1.0	3.0	3.22	10.54	0.0	2026-01-07
BEV10000	59.5	5.19	75.06	43.94	36	1260	1.0	3.0	5.85	19.12	0.0	2026-01-07
CIM10000	59.61	5.19	75.18	44.05	36	1260	1.0	3.0	5.85	19.13	0.0	2026-01-07
CRM10000	59.41	5.32	75.38	43.44	36	1260	1.0	3.0	6.0	19.62	0.0	2026-01-07
EPR10000	42.48	3.21	52.12	32.85	36	1260	1.0	3.0	3.62	11.84	0.0	2026-01-07
PBM10000	56.56	3.81	68.0	45.12	36	1260	1.0	3.0	4.3	14.06	0.0	2026-01-07
POD10000	56.48	4.15	68.94	44.02	36	1260	1.0	3.0	4.69	15.31	0.0	2026-01-07
PVD10000	63.98	5.86	81.57	46.39	36	1260	1.0	3.0	6.61	21.61	0.0	2026-01-07
RPR10000	59.99	3.87	71.6	48.37	36	1260	1.0	3.0	4.37	14.27	0.0	2026-01-07
ANM10000	56.46	3.75	67.72	45.19	35	1225	1.0	3.0	4.23	13.84	0.0	2026-01-07
CHG10000	59.37	5.27	75.19	43.55	35	1225	1.0	3.0	5.95	19.44	0.0	2026-01-07
CSR10000	59.45	5.95	77.31	41.6	35	1225	1.0	3.0	6.71	21.94	0.0	2026-01-07
ORH10000	59.56	5.88	77.19	41.93	35	1225	1.0	3.0	6.63	21.66	0.0	2026-01-07
POM10000	49.96	6.3	68.87	31.05	35	1225	1.0	3.0	7.11	23.24	0.0	2026-01-07
PSU10000	56.59	3.85	68.13	45.05	35	1225	1.0	3.0	4.34	14.18	0.0	2026-01-07
RTN10000	59.47	5.27	75.27	43.67	35	1225	1.0	3.0	5.94	19.41	0.0	2026-01-07
SPL10000	29.94	2.18	36.49	23.39	35	1225	1.0	3.0	2.46	8.05	0.0	2026-01-07
SSM10000	30.01	2.21	36.63	23.39	35	1225	1.0	3.0	2.49	8.14	0.0	2026-01-07
ANL10000	56.4	3.81	67.83	44.98	34	1190	1.0	3.0	4.3	14.04	0.0	2026-01-07
BPS10000	50.01	6.8	70.41	29.61	34	1190	1.0	3.0	7.67	25.06	0.0	2026-01-07
BRDM_001	81.46	2.57	89.17	73.74	34	1190	1.0	3.0	2.9	9.48	0.0	2026-01-07
IOP10000	87.54	1.84	93.07	82.02	34	1190	1.0	3.0	2.08	6.79	0.0	2026-01-07
PRCY_001	87.49	0.73	89.68	85.31	34	1190	1.0	3.0	0.82	2.69	0.0	2026-01-07
PROD_001	56.52	0.99	59.48	53.55	34	1190	1.0	3.0	1.12	3.64	0.0	2026-01-07
RSU10000	59.94	4.0	71.92	47.95	34	1190	1.0	3.0	4.51	14.73	0.0	2026-01-07
SDV10000	45.02	3.49	55.48	34.56	34	1190	1.0	3.0	3.93	12.85	0.0	2026-01-07
SFO10000	44.88	4.67	58.87	30.88	34	1190	1.0	3.0	5.26	17.2	0.0	2026-01-07
SSU10000	86.52	2.81	94.96	78.08	34	1190	1.0	3.0	3.17	10.37	0.0	2026-01-07
AII10000	64.08	4.29	76.96	51.19	33	1155	1.0	3.0	4.84	15.83	0.0	2026-01-07
AUD10000	86.54	2.85	95.1	77.98	33	1155	1.0	3.0	3.22	10.52	0.0	2026-01-07
BPP10000	49.99	6.97	70.9	29.08	33	1155	1.0	3.0	7.86	25.69	0.0	2026-01-07
COR10000	56.41	3.9	68.1	44.73	33	1155	1.0	3.0	4.39	14.36	0.0	2026-01-07
DDD10000	87.49	1.31	91.43	83.55	33	1155	1.0	3.0	1.48	4.84	0.0	2026-01-07
INTG_001	64.02	2.25	70.76	57.28	33	1155	1.0	3.0	2.53	8.28	0.0	2026-01-07
SUP10000	30.01	1.96	35.89	24.14	33	1155	1.0	3.0	2.21	7.22	0.0	2026-01-07
TCH10000	64.02	4.37	77.12	50.93	33	1155	1.0	3.0	4.92	16.09	0.0	2026-01-07
TST10000	56.47	4.33	69.46	43.48	33	1155	1.0	3.0	4.88	15.96	0.0	2026-01-07
ADS10000	44.99	3.36	55.06	34.92	32	1120	1.0	3.0	3.79	12.37	0.0	2026-01-07
CTL10000	56.45	4.26	69.22	43.67	32	1120	1.0	3.0	4.81	15.7	0.0	2026-01-07
ELR10000	42.56	3.56	53.25	31.86	32	1120	1.0	3.0	4.02	13.14	0.0	2026-01-07
ESRC_001	86.51	0.77	88.82	84.2	32	1120	1.0	3.0	0.87	2.84	0.0	2026-01-07
ESU10000	86.51	2.59	94.29	78.74	32	1120	1.0	3.0	2.92	9.56	0.0	2026-01-07
ETPR_001	43.02	0.88	45.65	40.4	32	1120	1.0	3.0	0.99	3.23	0.0	2026-01-07
LCP10000	87.51	1.32	91.47	83.54	32	1120	1.0	3.0	1.49	4.87	0.0	2026-01-07
MKTS_001	44.98	1.12	48.34	41.62	32	1120	1.0	3.0	1.26	4.13	0.0	2026-01-07
CPM10000	59.46	5.51	75.99	42.94	31	1085	1.0	3.0	6.21	20.3	0.0	2026-01-07
ERK10000	42.45	3.62	53.32	31.58	31	1085	1.0	3.0	4.09	13.36	0.0	2026-01-07
PJM10000	63.93	4.58	77.68	50.18	31	1085	1.0	3.0	5.17	16.9	0.0	2026-01-07
QSL10000	59.48	5.36	75.57	43.39	31	1085	1.0	3.0	6.05	19.77	0.0	2026-01-07
RCM10000	60.02	3.96	71.9	48.14	31	1085	1.0	3.0	4.47	14.6	0.0	2026-01-07
RSRC_001	59.99	1.24	63.72	56.26	31	1085	1.0	3.0	1.4	4.58	0.0	2026-01-07
RTR10000	59.96	4.06	72.15	47.77	31	1085	1.0	3.0	4.58	14.98	0.0	2026-01-07
SPC10000	56.65	4.4	69.86	43.44	31	1085	1.0	3.0	4.97	16.24	0.0	2026-01-07
ALM10000	30.03	2.12	36.39	23.67	30	1050	1.0	3.0	2.39	7.82	0.0	2026-01-07
BIM10000	59.42	5.37	75.53	43.31	30	1050	1.0	3.0	6.06	19.79	0.0	2026-01-07
BRR10000	50.19	6.74	70.41	29.97	30	1050	1.0	3.0	7.6	24.85	0.0	2026-01-07
BSPT_001	50.03	1.61	54.87	45.2	30	1050	1.0	3.0	1.82	5.94	0.0	2026-01-07
ESE10000	42.49	3.65	53.43	31.56	30	1050	1.0	3.0	4.11	13.44	0.0	2026-01-07
OCD10000	56.52	4.62	70.38	42.65	30	1050	1.0	3.0	5.21	17.04	0.0	2026-01-07
POL10000	86.63	2.76	94.91	78.34	30	1050	1.0	3.0	3.12	10.18	0.0	2026-01-07
PPR10000	49.96	6.02	68.01	31.92	30	1050	1.0	3.0	6.79	22.18	0.0	2026-01-07
PPV10000	49.78	5.75	67.03	32.54	30	1050	1.0	3.0	6.48	21.19	0.0	2026-01-07
WPO10000	56.54	4.68	70.59	42.5	30	1050	1.0	3.0	5.28	17.26	0.0	2026-01-07
DLY10000	64.06	3.69	75.12	53.01	29	1015	1.0	3.0	4.16	13.59	0.0	2026-01-07
EBA10000	42.45	3.53	53.04	31.86	29	1015	1.0	3.0	3.98	13.01	0.0	2026-01-07
FUL10000	64.06	6.33	83.05	45.07	29	1015	1.0	3.0	7.14	23.34	0.0	2026-01-07
INV10000	56.43	4.34	69.45	43.4	29	1015	1.0	3.0	4.9	16.0	0.0	2026-01-07
PPP10000	56.57	7.43	78.86	34.28	29	1015	1.0	3.0	8.38	27.39	0.0	2026-01-07
PRB10000	30.0	2.21	36.65	23.36	29	1015	1.0	3.0	2.5	8.16	0.0	2026-01-07
PTY10000	64.01	4.36	77.1	50.92	29	1015	1.0	3.0	4.92	16.08	0.0	2026-01-07
API10000	64.05	4.47	77.45	50.65	28	980	1.0	3.0	5.04	16.46	0.0	2026-01-07
APM10000	63.74	6.47	83.14	44.33	28	980	1.0	3.0	7.3	23.84	0.0	2026-01-07
ASI10000	63.83	6.35	82.87	44.79	28	980	1.0	3.0	7.16	23.39	0.0	2026-01-07
BPT10000	64.12	4.32	77.07	51.18	28	980	1.0	3.0	4.87	15.91	0.0	2026-01-07
CIP10000	87.48	1.45	91.82	83.14	28	980	1.0	3.0	1.63	5.33	0.0	2026-01-07
ETR10000	42.55	3.61	53.37	31.72	28	980	1.0	3.0	4.07	13.3	0.0	2026-01-07
ITM10000	59.28	5.45	75.63	42.94	28	980	1.0	3.0	6.14	20.08	0.0	2026-01-07
MDM10000	64.11	4.42	77.38	50.83	28	980	1.0	3.0	4.99	16.31	0.0	2026-01-07
MKC10000	45.05	3.41	55.28	34.81	28	980	1.0	3.0	3.85	12.57	0.0	2026-01-07
PSE10000	49.81	6.85	70.35	29.26	28	980	1.0	3.0	7.72	25.24	0.0	2026-01-07
SSP10000	45.07	4.63	58.95	31.19	28	980	1.0	3.0	5.22	17.05	0.0	2026-01-07
ACT10000	29.96	2.21	36.58	23.34	27	945	1.0	3.0	2.49	8.14	0.0	2026-01-07
CGV10000	86.58	2.89	95.25	77.91	27	945	1.0	3.0	3.26	10.65	0.0	2026-01-07
EST10000	42.42	3.83	53.91	30.93	27	945	1.0	3.0	4.32	14.12	0.0	2026-01-07
PVM10000	64.05	4.07	76.26	51.84	27	945	1.0	3.0	4.59	15.0	0.0	2026-01-07
BRM10000	44.86	3.51	55.38	34.34	26	910	1.0	3.0	3.96	12.93	0.0	2026-01-07
CSU10000	86.46	2.89	95.13	77.8	26	910	1.0	3.0	3.26	10.65	0.0	2026-01-07
ECF10000	45.05	3.88	56.69	33.42	26	910	1.0	3.0	4.38	14.3	0.0	2026-01-07
GMD10000	29.98	2.42	37.22	22.73	26	910	1.0	3.0	2.72	8.9	0.0	2026-01-07
GNT10000	86.54	3.42	96.8	76.27	26	910	1.0	3.0	3.86	12.61	0.0	2026-01-07
MKR10000	44.97	3.42	55.22	34.72	26	910	1.0	3.0	3.85	12.6	0.0	2026-01-07
ORC10000	29.98	2.34	36.99	22.97	26	910	1.0	3.0	2.64	8.62	0.0	2026-01-07
PCC10000	56.56	4.37	69.68	43.44	26	910	1.0	3.0	4.93	16.12	0.0	2026-01-07
SYA10000	63.89	4.23	76.58	51.2	26	910	1.0	3.0	4.77	15.6	0.0	2026-01-07
BRP10000	64.18	6.56	83.86	44.51	25	875	1.0	3.0	7.4	24.18	0.0	2026-01-07
CEM10000	59.33	6.29	78.21	40.45	25	875	1.0	3.0	7.1	23.2	0.0	2026-01-07
CPD10000	30.1	2.37	37.22	22.98	25	875	1.0	3.0	2.68	8.75	0.0	2026-01-07
ERM10000	86.44	2.79	94.82	78.07	25	875	1.0	3.0	3.15	10.29	0.0	2026-01-07
ETI10000	86.45	2.76	94.73	78.17	25	875	1.0	3.0	3.11	10.18	0.0	2026-01-07
LYP10000	45.01	3.36	55.08	34.94	25	875	1.0	3.0	3.79	12.37	0.0	2026-01-07
MSR10000	44.97	3.34	54.99	34.95	25	875	1.0	3.0	3.77	12.31	0.0	2026-01-07
RTS10000	87.45	1.93	93.24	81.66	25	875	1.0	3.0	2.18	7.11	0.0	2026-01-07
BPI10000	49.89	6.88	70.54	29.25	24	840	1.0	3.0	7.76	25.37	0.0	2026-01-07
CPI10000	86.5	2.85	95.06	77.94	24	840	1.0	3.0	3.22	10.52	0.0	2026-01-07
EKW10000	42.53	3.57	53.24	31.82	24	840	1.0	3.0	4.03	13.16	0.0	2026-01-07
EPV10000	45.12	4.23	57.79	32.44	24	840	1.0	3.0	4.77	15.58	0.0	2026-01-07
LIN10000	64.2	7.19	85.77	42.63	24	840	1.0	3.0	8.11	26.51	0.0	2026-01-07
PCF10000	56.69	4.52	70.24	43.14	24	840	1.0	3.0	5.09	16.65	0.0	2026-01-07
SAN10000	29.98	2.37	37.1	22.86	24	840	1.0	3.0	2.68	8.75	0.0	2026-01-07
CBC10000	59.53	5.23	75.23	43.83	23	805	1.0	3.0	5.9	19.29	0.0	2026-01-07
EAS10000	42.42	3.53	53.02	31.82	23	805	1.0	3.0	3.98	13.02	0.0	2026-01-07
EIF10000	44.99	4.07	57.2	32.77	23	805	1.0	3.0	4.59	15.01	0.0	2026-01-07
IDP10000	63.92	4.49	77.38	50.45	23	805	1.0	3.0	5.06	16.54	0.0	2026-01-07
INM10000	49.8	5.85	67.36	32.25	23	805	1.0	3.0	6.6	21.57	0.0	2026-01-07
CFS10000	59.48	5.41	75.7	43.27	22	770	1.0	3.0	6.1	19.93	0.0	2026-01-07
ODR10000	50.0	6.51	69.52	30.48	22	770	1.0	3.0	7.34	23.98	0.0	2026-01-07
BPR10000	59.49	5.3	75.4	43.59	21	735	1.0	3.0	5.98	19.55	0.0	2026-01-07
BTD10000	50.08	7.74	73.3	26.86	21	735	1.0	3.0	8.73	28.53	0.0	2026-01-07
CHM10000	44.85	4.68	58.88	30.81	21	735	1.0	3.0	5.28	17.25	0.0	2026-01-07
INH10000	50.24	6.46	69.63	30.86	21	735	1.0	3.0	7.29	23.82	0.0	2026-01-07
SCM10000	29.96	2.21	36.59	23.33	21	735	1.0	3.0	2.49	8.14	0.0	2026-01-07
SST10000	29.95	2.33	36.93	22.97	21	735	1.0	3.0	2.62	8.58	0.0	2026-01-07
RDA10000	59.99	4.03	72.07	47.91	20	700	1.0	3.0	4.54	14.84	0.0	2026-01-07
SHRD_001	64.02	1.24	67.75	60.3	20	700	1.0	3.0	1.4	4.58	0.0	2026-01-07
GRC10000	86.5	2.73	94.69	78.32	19	665	1.0	3.0	3.08	10.06	0.0	2026-01-07
DAM10000	81.54	5.96	99.42	63.66	17	595	1.0	3.0	6.72	21.97	0.0	2026-01-07
PFR10000	29.99	2.32	36.93	23.04	17	595	1.0	3.0	2.61	8.53	0.0	2026-01-07
BGL10000	81.45	6.08	99.68	63.21	15	525	1.0	3.0	6.86	22.41	0.0	2026-01-07
BAL10000	81.4	5.75	98.66	64.15	14	490	1.0	3.0	6.49	21.21	0.0	2026-01-07
BLC10000	81.51	6.98	102.45	60.57	14	490	1.0	3.0	7.87	25.73	0.0	2026-01-07
CGS10000	86.49	2.91	95.22	77.77	14	490	1.0	3.0	3.28	10.72	0.0	2026-01-07
IGV10000	86.51	2.9	95.19	77.82	13	455	1.0	3.0	3.27	10.67	0.0	2026-01-07
BTP10000	81.51	6.94	102.32	60.71	11	385	1.0	3.0	7.82	25.56	0.0	2026-01-07
BCB10000	81.32	6.98	102.28	60.37	10	350	1.0	3.0	7.88	25.75	0.0	2026-01-07

================================================================================

=== rpn_summary_L0.txt ===

metric_id	mean	UCL	LCL	Sigma_Level	RPN	analysis_date
PBI10000	50.15	70.06	30.23	3.0	2065	2026-01-07
RCD10000	60.08	72.1	48.07	3.0	1890	2026-01-07
ERS10000	42.49	52.7	32.27	3.0	1855	2026-01-07
CPG10000	45.02	55.21	34.83	3.0	1750	2026-01-07
FLO10000	64.01	77.84	50.18	3.0	1750	2026-01-07
PPB10000	50.55	72.7	28.4	3.0	1750	2026-01-07
BSP10000	50.06	72.47	27.65	3.0	1610	2026-01-07
RST10000	60.1	72.07	48.13	3.0	1575	2026-01-07
L0ER_001	60.62	61.83	59.42	3.0	1540	2026-01-07
TQA10000	56.54	69.22	43.86	3.0	1540	2026-01-07
RSS10000	50.23	68.68	31.79	3.0	1505	2026-01-07
SCP10000	30.0	36.55	23.44	3.0	1505	2026-01-07
SRVC_001	29.99	31.69	28.29	3.0	1505	2026-01-07
ANO10000	64.15	78.33	49.96	3.0	1470	2026-01-07
CUST_001	59.48	63.13	55.83	3.0	1470	2026-01-07
MSP10000	45.05	59.32	30.79	3.0	1470	2026-01-07
RSL10000	59.88	72.11	47.66	3.0	1470	2026-01-07
CII10000	59.59	75.75	43.44	3.0	1435	2026-01-07
ROR10000	59.89	72.1	47.67	3.0	1435	2026-01-07
CLC10000	29.95	35.78	24.12	3.0	1400	2026-01-07
CTP10000	56.59	70.08	43.09	3.0	1400	2026-01-07
PUR10000	56.4	67.82	44.97	3.0	1400	2026-01-07
CSP10000	59.55	75.36	43.73	3.0	1365	2026-01-07
EFI10000	42.5	52.18	32.82	3.0	1365	2026-01-07
EHU10000	42.5	52.55	32.45	3.0	1365	2026-01-07
ESC10000	42.47	52.84	32.1	3.0	1365	2026-01-07
RMR10000	60.02	71.63	48.41	3.0	1365	2026-01-07
BPA10000	49.86	74.08	25.64	3.0	1330	2026-01-07
CCM10000	59.6	75.21	44.0	3.0	1330	2026-01-07
CNT10000	63.92	77.22	50.62	3.0	1330	2026-01-07
EAU10000	44.59	57.0	32.17	3.0	1330	2026-01-07
EGV10000	42.41	53.86	30.95	3.0	1330	2026-01-07
SCC10000	30.0	36.59	23.41	3.0	1330	2026-01-07
BIH10000	59.46	74.88	44.05	3.0	1295	2026-01-07
CAP10000	56.49	68.09	44.9	3.0	1295	2026-01-07
CMM10000	64.17	78.41	49.92	3.0	1295	2026-01-07
REG10000	86.42	95.0	77.85	3.0	1295	2026-01-07
BEV10000	59.5	75.06	43.94	3.0	1260	2026-01-07
CIM10000	59.61	75.18	44.05	3.0	1260	2026-01-07
CRM10000	59.41	75.38	43.44	3.0	1260	2026-01-07
EPR10000	42.48	52.12	32.85	3.0	1260	2026-01-07
PBM10000	56.56	68.0	45.12	3.0	1260	2026-01-07
POD10000	56.48	68.94	44.02	3.0	1260	2026-01-07
PVD10000	63.98	81.57	46.39	3.0	1260	2026-01-07
RPR10000	59.99	71.6	48.37	3.0	1260	2026-01-07
ANM10000	56.46	67.72	45.19	3.0	1225	2026-01-07
CHG10000	59.37	75.19	43.55	3.0	1225	2026-01-07
CSR10000	59.45	77.31	41.6	3.0	1225	2026-01-07
ORH10000	59.56	77.19	41.93	3.0	1225	2026-01-07
POM10000	49.96	68.87	31.05	3.0	1225	2026-01-07
PSU10000	56.59	68.13	45.05	3.0	1225	2026-01-07
RTN10000	59.47	75.27	43.67	3.0	1225	2026-01-07
SPL10000	29.94	36.49	23.39	3.0	1225	2026-01-07
SSM10000	30.01	36.63	23.39	3.0	1225	2026-01-07
ANL10000	56.4	67.83	44.98	3.0	1190	2026-01-07
BPS10000	50.01	70.41	29.61	3.0	1190	2026-01-07
BRDM_001	81.46	89.17	73.74	3.0	1190	2026-01-07
IOP10000	87.54	93.07	82.02	3.0	1190	2026-01-07
PRCY_001	87.49	89.68	85.31	3.0	1190	2026-01-07
PROD_001	56.52	59.48	53.55	3.0	1190	2026-01-07
RSU10000	59.94	71.92	47.95	3.0	1190	2026-01-07
SDV10000	45.02	55.48	34.56	3.0	1190	2026-01-07
SFO10000	44.88	58.87	30.88	3.0	1190	2026-01-07
SSU10000	86.52	94.96	78.08	3.0	1190	2026-01-07
AII10000	64.08	76.96	51.19	3.0	1155	2026-01-07
AUD10000	86.54	95.1	77.98	3.0	1155	2026-01-07
BPP10000	49.99	70.9	29.08	3.0	1155	2026-01-07
COR10000	56.41	68.1	44.73	3.0	1155	2026-01-07
DDD10000	87.49	91.43	83.55	3.0	1155	2026-01-07
INTG_001	64.02	70.76	57.28	3.0	1155	2026-01-07
SUP10000	30.01	35.89	24.14	3.0	1155	2026-01-07
TCH10000	64.02	77.12	50.93	3.0	1155	2026-01-07
TST10000	56.47	69.46	43.48	3.0	1155	2026-01-07
ADS10000	44.99	55.06	34.92	3.0	1120	2026-01-07
CTL10000	56.45	69.22	43.67	3.0	1120	2026-01-07
ELR10000	42.56	53.25	31.86	3.0	1120	2026-01-07
ESRC_001	86.51	88.82	84.2	3.0	1120	2026-01-07
ESU10000	86.51	94.29	78.74	3.0	1120	2026-01-07
ETPR_001	43.02	45.65	40.4	3.0	1120	2026-01-07
LCP10000	87.51	91.47	83.54	3.0	1120	2026-01-07
MKTS_001	44.98	48.34	41.62	3.0	1120	2026-01-07
CPM10000	59.46	75.99	42.94	3.0	1085	2026-01-07
ERK10000	42.45	53.32	31.58	3.0	1085	2026-01-07
PJM10000	63.93	77.68	50.18	3.0	1085	2026-01-07
QSL10000	59.48	75.57	43.39	3.0	1085	2026-01-07
RCM10000	60.02	71.9	48.14	3.0	1085	2026-01-07
RSRC_001	59.99	63.72	56.26	3.0	1085	2026-01-07
RTR10000	59.96	72.15	47.77	3.0	1085	2026-01-07
SPC10000	56.65	69.86	43.44	3.0	1085	2026-01-07
ALM10000	30.03	36.39	23.67	3.0	1050	2026-01-07
BIM10000	59.42	75.53	43.31	3.0	1050	2026-01-07
BRR10000	50.19	70.41	29.97	3.0	1050	2026-01-07
BSPT_001	50.03	54.87	45.2	3.0	1050	2026-01-07
ESE10000	42.49	53.43	31.56	3.0	1050	2026-01-07
OCD10000	56.52	70.38	42.65	3.0	1050	2026-01-07
POL10000	86.63	94.91	78.34	3.0	1050	2026-01-07
PPR10000	49.96	68.01	31.92	3.0	1050	2026-01-07
PPV10000	49.78	67.03	32.54	3.0	1050	2026-01-07
WPO10000	56.54	70.59	42.5	3.0	1050	2026-01-07
DLY10000	64.06	75.12	53.01	3.0	1015	2026-01-07
EBA10000	42.45	53.04	31.86	3.0	1015	2026-01-07
FUL10000	64.06	83.05	45.07	3.0	1015	2026-01-07
INV10000	56.43	69.45	43.4	3.0	1015	2026-01-07
PPP10000	56.57	78.86	34.28	3.0	1015	2026-01-07
PRB10000	30.0	36.65	23.36	3.0	1015	2026-01-07
PTY10000	64.01	77.1	50.92	3.0	1015	2026-01-07
API10000	64.05	77.45	50.65	3.0	980	2026-01-07
APM10000	63.74	83.14	44.33	3.0	980	2026-01-07
ASI10000	63.83	82.87	44.79	3.0	980	2026-01-07
BPT10000	64.12	77.07	51.18	3.0	980	2026-01-07
CIP10000	87.48	91.82	83.14	3.0	980	2026-01-07
ETR10000	42.55	53.37	31.72	3.0	980	2026-01-07
ITM10000	59.28	75.63	42.94	3.0	980	2026-01-07
MDM10000	64.11	77.38	50.83	3.0	980	2026-01-07
MKC10000	45.05	55.28	34.81	3.0	980	2026-01-07
PSE10000	49.81	70.35	29.26	3.0	980	2026-01-07
SSP10000	45.07	58.95	31.19	3.0	980	2026-01-07
ACT10000	29.96	36.58	23.34	3.0	945	2026-01-07
CGV10000	86.58	95.25	77.91	3.0	945	2026-01-07
EST10000	42.42	53.91	30.93	3.0	945	2026-01-07
PVM10000	64.05	76.26	51.84	3.0	945	2026-01-07
BRM10000	44.86	55.38	34.34	3.0	910	2026-01-07
CSU10000	86.46	95.13	77.8	3.0	910	2026-01-07
ECF10000	45.05	56.69	33.42	3.0	910	2026-01-07
GMD10000	29.98	37.22	22.73	3.0	910	2026-01-07
GNT10000	86.54	96.8	76.27	3.0	910	2026-01-07
MKR10000	44.97	55.22	34.72	3.0	910	2026-01-07
ORC10000	29.98	36.99	22.97	3.0	910	2026-01-07
PCC10000	56.56	69.68	43.44	3.0	910	2026-01-07
SYA10000	63.89	76.58	51.2	3.0	910	2026-01-07
BRP10000	64.18	83.86	44.51	3.0	875	2026-01-07
CEM10000	59.33	78.21	40.45	3.0	875	2026-01-07
CPD10000	30.1	37.22	22.98	3.0	875	2026-01-07
ERM10000	86.44	94.82	78.07	3.0	875	2026-01-07
ETI10000	86.45	94.73	78.17	3.0	875	2026-01-07
LYP10000	45.01	55.08	34.94	3.0	875	2026-01-07
MSR10000	44.97	54.99	34.95	3.0	875	2026-01-07
RTS10000	87.45	93.24	81.66	3.0	875	2026-01-07
BPI10000	49.89	70.54	29.25	3.0	840	2026-01-07
CPI10000	86.5	95.06	77.94	3.0	840	2026-01-07
EKW10000	42.53	53.24	31.82	3.0	840	2026-01-07
EPV10000	45.12	57.79	32.44	3.0	840	2026-01-07
LIN10000	64.2	85.77	42.63	3.0	840	2026-01-07
PCF10000	56.69	70.24	43.14	3.0	840	2026-01-07
SAN10000	29.98	37.1	22.86	3.0	840	2026-01-07
CBC10000	59.53	75.23	43.83	3.0	805	2026-01-07
EAS10000	42.42	53.02	31.82	3.0	805	2026-01-07
EIF10000	44.99	57.2	32.77	3.0	805	2026-01-07
IDP10000	63.92	77.38	50.45	3.0	805	2026-01-07
INM10000	49.8	67.36	32.25	3.0	805	2026-01-07
CFS10000	59.48	75.7	43.27	3.0	770	2026-01-07
ODR10000	50.0	69.52	30.48	3.0	770	2026-01-07
BPR10000	59.49	75.4	43.59	3.0	735	2026-01-07
BTD10000	50.08	73.3	26.86	3.0	735	2026-01-07
CHM10000	44.85	58.88	30.81	3.0	735	2026-01-07
INH10000	50.24	69.63	30.86	3.0	735	2026-01-07
SCM10000	29.96	36.59	23.33	3.0	735	2026-01-07
SST10000	29.95	36.93	22.97	3.0	735	2026-01-07
RDA10000	59.99	72.07	47.91	3.0	700	2026-01-07
SHRD_001	64.02	67.75	60.3	3.0	700	2026-01-07
GRC10000	86.5	94.69	78.32	3.0	665	2026-01-07
DAM10000	81.54	99.42	63.66	3.0	595	2026-01-07
PFR10000	29.99	36.93	23.04	3.0	595	2026-01-07
BGL10000	81.45	99.68	63.21	3.0	525	2026-01-07
BAL10000	81.4	98.66	64.15	3.0	490	2026-01-07
BLC10000	81.51	102.45	60.57	3.0	490	2026-01-07
CGS10000	86.49	95.22	77.77	3.0	490	2026-01-07
IGV10000	86.51	95.19	77.82	3.0	455	2026-01-07
BTP10000	81.51	102.32	60.71	3.0	385	2026-01-07
BCB10000	81.32	102.28	60.37	3.0	350	2026-01-07